50
1 0
2 1 10 0
3 2 4 0
4 0
5 2 6 0
6 2 1 4 7 0
7 4 3 0
8 2 10 3 4 5 10 7 1 0
9 0
10 1 2 6 2 7 9 0
11 4 2 6 10 9 9 10 9 0
12 1 5 4 7 6 6 8 7 10 3 0
13 4 10 5 4 10 10 11 7 0
14 1 10 4 5 12 7 13 4 0
15 7 9 9 10 11 3 14 10 0
16 3 10 4 5 5 9 7 10 10 5 12 8 15 2 0
17 2 9 6 9 9 9 16 3 0
18 1 8 6 6 11 9 13 4 17 7 0
19 8 10 11 9 15 4 0
20 1 3 3 9 4 8 5 5 8 4 9 6 11 9 12 2 13 9 14 9 15 6 18 4 19 5 0
21 1 5 4 2 6 8 12 6 13 8 14 10 15 9 18 10 0
22 9 7 11 10 13 2 15 5 19 4 0
23 1 7 2 8 3 9 5 3 6 8 8 8 13 4 14 9 17 10 18 10 20 8 21 4 0
24 3 10 7 8 13 1 15 1 16 5 17 6 19 3 20 8 21 1 22 8 23 10 0
25 1 3 2 9 3 9 5 8 6 2 10 5 11 5 12 6 14 7 18 3 20 5 22 4 0
26 3 9 4 8 5 10 6 7 10 6 12 6 14 2 15 7 20 10 22 1 23 6 0
27 7 1 8 2 9 9 10 3 14 5 16 4 18 7 20 7 21 2 22 2 25 1 0
28 5 4 6 9 13 5 15 8 19 4 22 10 24 5 25 2 26 4 27 7 0
29 5 10 6 6 7 3 8 7 11 2 12 1 15 6 21 6 24 6 26 6 28 6 0
30 9 3 10 7 11 9 12 5 13 5 14 3 20 4 24 1 25 5 0
31 1 6 3 6 4 10 5 4 11 10 13 6 18 5 21 1 24 9 26 8 30 3 0
32 1 5 3 8 4 3 5 10 8 8 9 8 10 8 11 9 12 3 13 7 15 8 16 7 17 6 21 1 22 2 23 4 26 10 27 8 29 10 31 10 0
33 2 7 4 3 10 7 14 3 15 2 16 6 22 9 23 6 24 1 26 6 28 1 30 5 0
34 3 9 4 5 8 2 18 2 22 8 29 2 31 7 33 4 0
35 3 9 4 8 5 3 6 1 7 3 11 9 13 9 16 1 18 4 20 8 21 1 22 4 23 3 28 4 31 10 34 8 0
36 3 6 5 2 6 4 7 6 11 3 13 10 14 3 15 3 16 9 23 2 30 2 32 10 0
37 1 6 2 10 3 5 7 5 9 3 10 6 11 9 12 9 13 7 18 10 22 10 25 7 26 7 27 6 28 3 29 2 31 10 33 4 0
38 3 9 5 1 7 7 9 6 12 5 13 4 14 5 16 8 17 1 19 1 20 3 26 7 28 4 29 6 31 10 33 10 35 5 36 4 37 10 0
39 1 10 4 3 5 2 6 10 7 1 8 7 9 5 10 1 12 4 13 2 16 7 17 8 18 5 19 5 20 1 22 4 23 5 24 5 26 10 31 10 32 9 33 2 34 4 35 3 36 1 38 10 0
40 3 3 10 1 26 3 30 1 33 2 35 9 36 1 0
41 1 1 3 4 5 3 7 3 10 6 12 1 14 5 18 1 19 1 24 6 28 8 32 1 35 7 0
42 5 2 6 9 8 6 9 9 10 2 12 4 13 3 16 5 18 4 19 1 21 4 23 10 26 2 29 3 31 9 33 8 34 4 39 5 41 8 0
43 1 5 4 2 9 1 10 8 11 5 13 7 16 10 18 10 20 7 22 8 26 5 30 4 38 2 39 3 42 4 0
44 2 2 4 1 10 1 14 7 15 3 17 10 22 2 23 1 29 5 31 10 32 9 33 9 38 9 39 6 40 2 42 9 0
45 3 7 4 7 10 1 14 3 15 2 17 2 18 5 20 8 23 3 26 7 29 6 35 6 36 4 38 6 41 3 43 7 0
46 5 8 6 2 7 5 9 10 14 8 18 4 19 8 24 8 26 7 28 4 34 1 37 3 45 7 0
47 6 1 7 4 9 5 11 4 14 9 18 5 20 5 21 3 23 7 26 4 28 7 29 8 32 4 36 2 37 10 38 7 39 6 41 3 42 1 43 2 0
48 2 6 4 9 5 7 6 6 7 5 9 9 12 2 14 2 17 9 19 5 20 2 23 1 26 10 29 1 34 7 35 1 38 10 39 6 43 5 44 9 0
49 2 9 3 7 6 9 10 1 11 4 17 7 18 3 23 5 24 7 25 5 28 10 30 3 31 4 35 2 37 1 44 2 45 5 46 5 47 6 0
50 1 7 3 9 4 4 11 9 13 7 14 1 16 8 17 2 20 9 21 8 25 5 26 4 29 10 32 10 33 10 35 3 40 10 43 9 45 2 49 9 0
